[RESERVATION]
Elevation = 40
Latitude = 40.8178049
Longitude = 121.4695413
Azimuth = 30
Name = HCRO
StartTimeUTC = 03/17/23 01:00:00
EndTimeUTC = 03/17/23 06:00:00
Frequency = 135
Bandwidth = 10
