[RESERVATION]
Elevation = 40
Latitude = 40.8178049
Longitude = -121.4695413
Azimuth = 30
Name = HCRO
StartTimeUTC = 03/28/23 10:00:00 +0000
EndTimeUTC = 03/28/23 15:00:00 +0000
Frequency = 135
Bandwidth = 10
