[RESERVATION]
Latitude = 40.8178049
Longitude = -121.4695413
RightAscension = 4h42m
Declination = -38d6m50.8s
Name = HCRO
StartTimeUTC = 03/30/23 10:00:00 +0000
EndTimeUTC = 03/30/23 15:00:00 +0000
Frequency = 135
Bandwidth = 10
