[RESERVATION]
Latitude = 40.8178049
Longitude = -121.4695413
RightAscension = 4h42m
Declination = -38d6m50.8s
Beamwidth = 3
Name = HCRO
StartTimeUTC = 2023-03-30T10:00:00.000000
EndTimeUTC = 2023-03-30T15:00:00.000000
Frequency = 135
Bandwidth = 10
